5.28403E-07	1.494298
5.29996E-07	1.494252
5.31589E-07	1.494205
5.33181E-07	1.494157
5.34774E-07	1.494109
5.36367E-07	1.49406
5.3796E-07	1.49401
5.39553E-07	1.49396
5.41145E-07	1.49391
5.42738E-07	1.493859
5.44331E-07	1.493807
5.45923E-07	1.493755
5.47516E-07	1.493703
5.49108E-07	1.49365
5.50701E-07	1.493596
5.52293E-07	1.493543
5.53885E-07	1.493488
5.55478E-07	1.493434
5.5707E-07	1.493379
5.58662E-07	1.493324
5.60254E-07	1.493268
5.61846E-07	1.493212
5.63438E-07	1.493156
5.6503E-07	1.4931
5.66622E-07	1.493043
5.68214E-07	1.492986
5.69806E-07	1.492929
5.71398E-07	1.492871
5.7299E-07	1.492814
5.74581E-07	1.492756
5.76173E-07	1.492698
5.77764E-07	1.49264
5.79356E-07	1.492581
5.80947E-07	1.492523
5.82539E-07	1.492464
5.8413E-07	1.492405
5.85721E-07	1.492346
5.87312E-07	1.492287
5.88904E-07	1.492228
5.90495E-07	1.492169
5.92086E-07	1.492109
5.93677E-07	1.49205
5.95267E-07	1.49199
5.96858E-07	1.491931
5.98449E-07	1.491871
6.0004E-07	1.491811
6.0163E-07	1.491752
6.03221E-07	1.491692
6.04811E-07	1.491632
6.06401E-07	1.491572
6.07992E-07	1.491512
6.09582E-07	1.491452
6.11172E-07	1.491393
6.12762E-07	1.491333
6.14352E-07	1.491273
6.15942E-07	1.491213
6.17532E-07	1.491153
6.19122E-07	1.491094
6.20711E-07	1.491034
6.22301E-07	1.490974
6.23891E-07	1.490914
6.2548E-07	1.490855
6.27069E-07	1.490795
6.28659E-07	1.490736
6.30248E-07	1.490676
6.31837E-07	1.490617
6.33426E-07	1.490558
6.35015E-07	1.490499
6.36604E-07	1.490439
6.38193E-07	1.49038
6.39781E-07	1.490321
6.4137E-07	1.490263
6.42958E-07	1.490204
6.44547E-07	1.490145
6.46135E-07	1.490086
6.47723E-07	1.490028
6.49312E-07	1.48997
6.509E-07	1.489911
6.52488E-07	1.489853
6.54075E-07	1.489795
6.55663E-07	1.489737
6.57251E-07	1.489679
6.58839E-07	1.489622
6.60426E-07	1.489564
6.62013E-07	1.489507
6.63601E-07	1.489449
6.65188E-07	1.489392
6.66775E-07	1.489335
6.68362E-07	1.489278
6.69949E-07	1.489221
6.71536E-07	1.489165
6.73122E-07	1.489108
6.74709E-07	1.489052
6.76295E-07	1.488996
6.77882E-07	1.48894
6.79468E-07	1.488884
6.81054E-07	1.488828
6.8264E-07	1.488773
6.84226E-07	1.488717
6.85812E-07	1.488662
6.87397E-07	1.488607
6.88983E-07	1.488552
6.90569E-07	1.488497
6.92154E-07	1.488442
6.93739E-07	1.488388
6.95324E-07	1.488333
6.96909E-07	1.488279
6.98494E-07	1.488225
7.00079E-07	1.488171
7.01664E-07	1.488117
7.03248E-07	1.488064
7.04833E-07	1.488011
7.06417E-07	1.487957
7.08001E-07	1.487904
7.09585E-07	1.487852
7.11169E-07	1.487799
7.12753E-07	1.487746
7.14337E-07	1.487694
7.1592E-07	1.487642
7.17504E-07	1.48759
7.19087E-07	1.487538
7.20671E-07	1.487486
7.22254E-07	1.487435
7.23837E-07	1.487383
7.25419E-07	1.487332
7.27002E-07	1.487281
7.28585E-07	1.487231
7.30167E-07	1.48718
7.31749E-07	1.487129
7.33332E-07	1.487079
7.34914E-07	1.487029
7.36496E-07	1.486979
7.38077E-07	1.486929
7.39659E-07	1.48688
7.41241E-07	1.48683
7.42822E-07	1.486781
7.44403E-07	1.486732
7.45984E-07	1.486683
7.47565E-07	1.486635
7.49146E-07	1.486586
7.50727E-07	1.486538
7.52307E-07	1.48649
7.53888E-07	1.486442
7.55468E-07	1.486394
7.57048E-07	1.486346
7.58628E-07	1.486299
7.60208E-07	1.486251
7.61787E-07	1.486204
7.63367E-07	1.486157
7.64946E-07	1.48611
7.66526E-07	1.486064
7.68105E-07	1.486017
7.69684E-07	1.485971
7.71262E-07	1.485925
7.72841E-07	1.485879
7.7442E-07	1.485834
7.75998E-07	1.485788
7.77576E-07	1.485743
7.79154E-07	1.485697
7.80732E-07	1.485652
7.8231E-07	1.485607
7.83887E-07	1.485563
7.85465E-07	1.485518
7.87042E-07	1.485474
7.88619E-07	1.48543
7.90196E-07	1.485386
7.91773E-07	1.485342
7.93349E-07	1.485298
7.94926E-07	1.485255
7.96502E-07	1.485211
7.98078E-07	1.485168
7.99654E-07	1.485125
8.0123E-07	1.485082
8.02806E-07	1.48504
8.04381E-07	1.484997
8.05956E-07	1.484955
8.07531E-07	1.484913
8.09106E-07	1.484871
8.10681E-07	1.484829
8.12256E-07	1.484787
8.1383E-07	1.484746
8.15405E-07	1.484704
8.16979E-07	1.484663
8.18553E-07	1.484622
8.20126E-07	1.484581
8.217E-07	1.48454
8.23273E-07	1.4845
8.24847E-07	1.48446
8.2642E-07	1.484419
8.27992E-07	1.484379
8.29565E-07	1.484339
8.31138E-07	1.4843
8.3271E-07	1.48426
8.34282E-07	1.484221
8.35854E-07	1.484181
8.37426E-07	1.484142
8.38998E-07	1.484103
8.40569E-07	1.484064
8.4214E-07	1.484026
8.43711E-07	1.483987
8.45282E-07	1.483949
8.46853E-07	1.483911
8.48424E-07	1.483873
8.49994E-07	1.483835
8.51564E-07	1.483797
8.53134E-07	1.483759
8.54704E-07	1.483722
8.56273E-07	1.483685
8.57843E-07	1.483648
8.59412E-07	1.483611
8.60981E-07	1.483574
8.6255E-07	1.483537
8.64118E-07	1.4835
8.65687E-07	1.483464
8.67255E-07	1.483428
8.68823E-07	1.483392
8.70391E-07	1.483356
8.71958E-07	1.48332
8.73526E-07	1.483284
8.75093E-07	1.483249
8.7666E-07	1.483213
8.78227E-07	1.483178
8.79793E-07	1.483143
8.8136E-07	1.483108
8.82926E-07	1.483073
8.84492E-07	1.483039
8.86058E-07	1.483004
8.87623E-07	1.48297
8.89189E-07	1.482935
8.90754E-07	1.482901
8.92319E-07	1.482867
8.93884E-07	1.482833
8.95448E-07	1.4828
8.97013E-07	1.482766
8.98577E-07	1.482733
9.00141E-07	1.482699
9.01704E-07	1.482666
9.03268E-07	1.482633
9.04831E-07	1.4826
9.06394E-07	1.482567
9.07957E-07	1.482535
9.0952E-07	1.482502
9.11082E-07	1.48247
9.12644E-07	1.482438
9.14206E-07	1.482405
9.15768E-07	1.482373
9.17329E-07	1.482342
9.18891E-07	1.48231
9.20452E-07	1.482278
9.22013E-07	1.482247
9.23573E-07	1.482215
9.25134E-07	1.482184
9.26694E-07	1.482153
9.28254E-07	1.482122
9.29814E-07	1.482091
9.31373E-07	1.48206
9.32933E-07	1.48203
9.34492E-07	1.481999
9.36051E-07	1.481969
9.37609E-07	1.481939
9.39168E-07	1.481909
9.40726E-07	1.481879
9.42284E-07	1.481849
9.43841E-07	1.481819
9.45399E-07	1.481789
9.46956E-07	1.48176
9.48513E-07	1.48173
9.5007E-07	1.481701
9.51626E-07	1.481672
9.53182E-07	1.481643
9.54738E-07	1.481614
9.56294E-07	1.481585
9.5785E-07	1.481556
9.59405E-07	1.481528
9.6096E-07	1.481499
9.62515E-07	1.481471
9.6407E-07	1.481442
9.65624E-07	1.481414
9.67178E-07	1.481386
9.68732E-07	1.481358
9.70286E-07	1.48133
9.71839E-07	1.481303
9.73392E-07	1.481275
9.74945E-07	1.481248
9.76498E-07	1.48122
9.7805E-07	1.481193
9.79602E-07	1.481166
9.81154E-07	1.481139
9.82705E-07	1.481112
9.84257E-07	1.481085
9.85808E-07	1.481058
9.87359E-07	1.481031
9.88909E-07	1.481005
9.9046E-07	1.480978
9.9201E-07	1.480952
9.9356E-07	1.480926
9.95109E-07	1.4809
9.96659E-07	1.480874
9.98208E-07	1.480848
9.99756E-07	1.480822
1.01172E-06	1.480626
1.01519E-06	1.48057
1.01865E-06	1.480515
1.02211E-06	1.48046
1.02557E-06	1.480406
1.02904E-06	1.480352
1.0325E-06	1.480298
1.03596E-06	1.480245
1.03943E-06	1.480193
1.04289E-06	1.48014
1.04635E-06	1.480089
1.04981E-06	1.480037
1.05328E-06	1.479987
1.05674E-06	1.479936
1.0602E-06	1.479886
1.06367E-06	1.479836
1.06713E-06	1.479787
1.07059E-06	1.479738
1.07405E-06	1.47969
1.07752E-06	1.479642
1.08098E-06	1.479594
1.08444E-06	1.479547
1.08791E-06	1.4795
1.09137E-06	1.479453
1.09483E-06	1.479407
1.0983E-06	1.479361
1.10176E-06	1.479316
1.10522E-06	1.479271
1.10868E-06	1.479226
1.11215E-06	1.479182
1.11561E-06	1.479138
1.11907E-06	1.479094
1.12254E-06	1.479051
1.126E-06	1.479008
1.12946E-06	1.478965
1.13292E-06	1.478923
1.13639E-06	1.478881
1.13985E-06	1.478839
1.14331E-06	1.478798
1.14677E-06	1.478757
1.15024E-06	1.478716
1.1537E-06	1.478676
1.15716E-06	1.478636
1.16062E-06	1.478596
1.16409E-06	1.478557
1.16755E-06	1.478518
1.17101E-06	1.478479
1.17447E-06	1.478441
1.17793E-06	1.478402
1.1814E-06	1.478364
1.18486E-06	1.478327
1.18832E-06	1.47829
1.19178E-06	1.478253
1.19524E-06	1.478216
1.1987E-06	1.478179
1.20217E-06	1.478143
1.20563E-06	1.478107
1.20909E-06	1.478071
1.21255E-06	1.478036
1.21601E-06	1.478001
1.21947E-06	1.477966
1.22293E-06	1.477931
1.22639E-06	1.477897
1.22986E-06	1.477863
1.23332E-06	1.477829
1.23678E-06	1.477796
1.24024E-06	1.477762
1.2437E-06	1.477729
1.24716E-06	1.477696
1.25062E-06	1.477664
1.25408E-06	1.477631
1.25754E-06	1.477599
1.261E-06	1.477567
1.26446E-06	1.477536
1.26792E-06	1.477504
1.27138E-06	1.477473
1.27484E-06	1.477442
1.27829E-06	1.477412
1.28175E-06	1.477381
1.28521E-06	1.477351
1.28867E-06	1.477321
1.29213E-06	1.477291
1.29559E-06	1.477261
1.29905E-06	1.477232
1.30251E-06	1.477203
1.30596E-06	1.477174
1.30942E-06	1.477145
1.31288E-06	1.477116
1.31634E-06	1.477088
1.31979E-06	1.47706
1.32325E-06	1.477032
1.32671E-06	1.477004
1.33017E-06	1.476976
1.33362E-06	1.476949
1.33708E-06	1.476922
1.34054E-06	1.476895
1.34399E-06	1.476868
1.34745E-06	1.476841
1.35091E-06	1.476815
1.35436E-06	1.476789
1.35782E-06	1.476763
1.36127E-06	1.476737
1.36473E-06	1.476711
1.36818E-06	1.476685
1.37164E-06	1.47666
1.37509E-06	1.476635
1.37855E-06	1.47661
1.382E-06	1.476585
1.38546E-06	1.47656
1.38891E-06	1.476536
1.39236E-06	1.476512
1.39582E-06	1.476487
1.39927E-06	1.476463
1.40272E-06	1.47644
1.40618E-06	1.476416
1.40963E-06	1.476392
1.41308E-06	1.476369
1.41653E-06	1.476346
1.41999E-06	1.476323
1.42344E-06	1.4763
1.42689E-06	1.476277
1.43034E-06	1.476255
1.43379E-06	1.476232
1.43724E-06	1.47621
1.44069E-06	1.476188
1.44414E-06	1.476166
1.44759E-06	1.476144
1.45104E-06	1.476122
1.45449E-06	1.476101
1.45794E-06	1.476079
1.46139E-06	1.476058
1.46484E-06	1.476037
1.46829E-06	1.476016
1.47174E-06	1.475995
1.47519E-06	1.475974
1.47864E-06	1.475954
1.48208E-06	1.475933
1.48553E-06	1.475913
1.48898E-06	1.475893
1.49243E-06	1.475873
1.49587E-06	1.475853
1.49932E-06	1.475833
1.50276E-06	1.475814
1.50621E-06	1.475794
1.50966E-06	1.475775
1.5131E-06	1.475755
1.51655E-06	1.475736
1.51999E-06	1.475717
1.52344E-06	1.475698
1.52688E-06	1.475679
1.53032E-06	1.475661
1.53377E-06	1.475642
1.53721E-06	1.475624
1.54065E-06	1.475605
1.5441E-06	1.475587
1.54754E-06	1.475569
1.55098E-06	1.475551
1.55442E-06	1.475533
1.55787E-06	1.475515
1.56131E-06	1.475498
1.56475E-06	1.47548
1.56819E-06	1.475463
1.57163E-06	1.475446
1.57507E-06	1.475428
1.57851E-06	1.475411
1.58195E-06	1.475394
1.58539E-06	1.475377
1.58883E-06	1.475361
1.59226E-06	1.475344
1.5957E-06	1.475327
1.59914E-06	1.475311
1.60258E-06	1.475294
1.60601E-06	1.475278
1.60945E-06	1.475262
1.61289E-06	1.475246
1.61632E-06	1.47523
1.61976E-06	1.475214
1.62319E-06	1.475198
1.62663E-06	1.475183
1.63006E-06	1.475167
1.6335E-06	1.475151
1.63693E-06	1.475136
1.64037E-06	1.475121
1.6438E-06	1.475105
1.64723E-06	1.47509
1.65066E-06	1.475075
1.6541E-06	1.47506
1.65753E-06	1.475045
1.66096E-06	1.475031
1.66439E-06	1.475016
1.66782E-06	1.475001
1.67125E-06	1.474987
1.67468E-06	1.474972
1.67811E-06	1.474958
1.68154E-06	1.474944
1.68497E-06	1.47493
1.6884E-06	1.474916
