4.39161E-07	1.468569
4.40755E-07	1.468525
4.42349E-07	1.468479
4.43942E-07	1.468431
4.45536E-07	1.468382
4.4713E-07	1.468332
4.48724E-07	1.46828
4.50318E-07	1.468227
4.51912E-07	1.468173
4.53505E-07	1.468118
4.55099E-07	1.468062
4.56693E-07	1.468004
4.58287E-07	1.467946
4.59881E-07	1.467886
4.61475E-07	1.467826
4.63068E-07	1.467764
4.64662E-07	1.467702
4.66256E-07	1.467639
4.6785E-07	1.467575
4.69444E-07	1.46751
4.71038E-07	1.467444
4.72631E-07	1.467378
4.74225E-07	1.467311
4.75819E-07	1.467244
4.77413E-07	1.467176
4.79006E-07	1.467107
4.806E-07	1.467038
4.82194E-07	1.466968
4.83788E-07	1.466898
4.85381E-07	1.466827
4.86975E-07	1.466756
4.88569E-07	1.466685
4.90162E-07	1.466613
4.91756E-07	1.46654
4.93349E-07	1.466468
4.94943E-07	1.466395
4.96537E-07	1.466321
4.9813E-07	1.466248
4.99724E-07	1.466174
5.01317E-07	1.4661
5.02911E-07	1.466025
5.04504E-07	1.465951
5.06098E-07	1.465876
5.07691E-07	1.465801
5.09284E-07	1.465726
5.10878E-07	1.46565
5.12471E-07	1.465575
5.14064E-07	1.465499
5.15658E-07	1.465424
5.17251E-07	1.465348
5.18844E-07	1.465272
5.20437E-07	1.465196
5.2203E-07	1.46512
5.23623E-07	1.465044
5.25216E-07	1.464968
5.2681E-07	1.464892
5.28403E-07	1.464816
5.29996E-07	1.46474
5.31589E-07	1.464664
5.33181E-07	1.464588
5.34774E-07	1.464512
5.36367E-07	1.464436
5.3796E-07	1.46436
5.39553E-07	1.464285
5.41145E-07	1.464209
5.42738E-07	1.464133
5.44331E-07	1.464057
5.45923E-07	1.463982
5.47516E-07	1.463907
5.49108E-07	1.463831
5.50701E-07	1.463756
5.52293E-07	1.463681
5.53885E-07	1.463606
5.55478E-07	1.463531
5.5707E-07	1.463456
5.58662E-07	1.463382
5.60254E-07	1.463307
5.61846E-07	1.463233
5.63438E-07	1.463159
5.6503E-07	1.463085
5.66622E-07	1.463012
5.68214E-07	1.462938
5.69806E-07	1.462865
5.71398E-07	1.462791
5.7299E-07	1.462718
5.74581E-07	1.462645
5.76173E-07	1.462573
5.77764E-07	1.4625
5.79356E-07	1.462428
5.80947E-07	1.462356
5.82539E-07	1.462284
5.8413E-07	1.462212
5.85721E-07	1.462141
5.87312E-07	1.46207
5.88904E-07	1.461999
5.90495E-07	1.461928
5.92086E-07	1.461857
5.93677E-07	1.461787
5.95267E-07	1.461717
5.96858E-07	1.461647
5.98449E-07	1.461577
6.0004E-07	1.461508
6.0163E-07	1.461439
6.03221E-07	1.46137
6.04811E-07	1.461301
6.06401E-07	1.461233
6.07992E-07	1.461164
6.09582E-07	1.461096
6.11172E-07	1.461029
6.12762E-07	1.460961
6.14352E-07	1.460894
6.15942E-07	1.460827
6.17532E-07	1.46076
6.19122E-07	1.460694
6.20711E-07	1.460627
6.22301E-07	1.460561
6.23891E-07	1.460496
6.2548E-07	1.46043
6.27069E-07	1.460365
6.28659E-07	1.4603
6.30248E-07	1.460235
6.31837E-07	1.460171
6.33426E-07	1.460106
6.35015E-07	1.460042
6.36604E-07	1.459979
6.38193E-07	1.459915
6.39781E-07	1.459852
6.4137E-07	1.459789
6.42958E-07	1.459726
6.44547E-07	1.459664
6.46135E-07	1.459602
6.47723E-07	1.45954
6.49312E-07	1.459478
6.509E-07	1.459417
6.52488E-07	1.459356
6.54075E-07	1.459295
6.55663E-07	1.459234
6.57251E-07	1.459174
6.58839E-07	1.459114
6.60426E-07	1.459054
6.62013E-07	1.458994
6.63601E-07	1.458935
6.65188E-07	1.458876
6.66775E-07	1.458817
6.68362E-07	1.458758
6.69949E-07	1.4587
6.71536E-07	1.458642
6.73122E-07	1.458584
6.74709E-07	1.458526
6.76295E-07	1.458469
6.77882E-07	1.458412
6.79468E-07	1.458355
6.81054E-07	1.458298
6.8264E-07	1.458242
6.84226E-07	1.458186
6.85812E-07	1.45813
6.87397E-07	1.458075
6.88983E-07	1.458019
6.90569E-07	1.457964
6.92154E-07	1.457909
6.93739E-07	1.457855
6.95324E-07	1.4578
6.96909E-07	1.457746
6.98494E-07	1.457692
7.00079E-07	1.457639
7.01664E-07	1.457585
7.03248E-07	1.457532
7.04833E-07	1.457479
7.06417E-07	1.457427
7.08001E-07	1.457374
7.09585E-07	1.457322
7.11169E-07	1.45727
7.12753E-07	1.457218
7.14337E-07	1.457167
7.1592E-07	1.457116
7.17504E-07	1.457065
7.19087E-07	1.457014
7.20671E-07	1.456963
7.22254E-07	1.456913
7.23837E-07	1.456863
7.25419E-07	1.456813
7.27002E-07	1.456763
7.28585E-07	1.456714
7.30167E-07	1.456665
7.31749E-07	1.456616
7.33332E-07	1.456567
7.34914E-07	1.456519
7.36496E-07	1.45647
7.38077E-07	1.456422
7.39659E-07	1.456374
7.41241E-07	1.456327
7.42822E-07	1.456279
7.44403E-07	1.456232
7.45984E-07	1.456185
7.47565E-07	1.456138
7.49146E-07	1.456092
7.50727E-07	1.456046
7.52307E-07	1.456
7.53888E-07	1.455954
7.55468E-07	1.455908
7.57048E-07	1.455863
7.58628E-07	1.455817
7.60208E-07	1.455772
7.61787E-07	1.455727
7.63367E-07	1.455683
7.64946E-07	1.455638
7.66526E-07	1.455594
7.68105E-07	1.45555
7.69684E-07	1.455506
7.71262E-07	1.455463
7.72841E-07	1.455419
7.7442E-07	1.455376
7.75998E-07	1.455333
7.77576E-07	1.45529
7.79154E-07	1.455248
7.80732E-07	1.455205
7.8231E-07	1.455163
7.83887E-07	1.455121
7.85465E-07	1.455079
7.87042E-07	1.455038
7.88619E-07	1.454996
7.90196E-07	1.454955
7.91773E-07	1.454914
7.93349E-07	1.454873
7.94926E-07	1.454832
7.96502E-07	1.454792
7.98078E-07	1.454751
7.99654E-07	1.454711
8.0123E-07	1.454671
8.02806E-07	1.454632
8.04381E-07	1.454592
8.05956E-07	1.454553
8.07531E-07	1.454513
8.09106E-07	1.454474
8.10681E-07	1.454436
8.12256E-07	1.454397
8.1383E-07	1.454358
8.15405E-07	1.45432
8.16979E-07	1.454282
8.18553E-07	1.454244
8.20126E-07	1.454206
8.217E-07	1.454169
8.23273E-07	1.454131
8.24847E-07	1.454094
8.2642E-07	1.454057
8.27992E-07	1.45402
8.29565E-07	1.453983
8.31138E-07	1.453946
8.3271E-07	1.45391
8.34282E-07	1.453874
8.35854E-07	1.453838
8.37426E-07	1.453802
8.38998E-07	1.453766
8.40569E-07	1.45373
8.4214E-07	1.453695
8.43711E-07	1.45366
8.45282E-07	1.453624
8.46853E-07	1.45359
8.48424E-07	1.453555
8.49994E-07	1.45352
8.51564E-07	1.453486
8.53134E-07	1.453451
8.54704E-07	1.453417
8.56273E-07	1.453383
8.57843E-07	1.453349
8.59412E-07	1.453315
8.60981E-07	1.453282
8.6255E-07	1.453249
8.64118E-07	1.453215
8.65687E-07	1.453182
8.67255E-07	1.453149
8.68823E-07	1.453116
8.70391E-07	1.453084
8.71958E-07	1.453051
8.73526E-07	1.453019
8.75093E-07	1.452987
8.7666E-07	1.452955
8.78227E-07	1.452923
8.79793E-07	1.452891
8.8136E-07	1.452859
8.82926E-07	1.452828
8.84492E-07	1.452796
8.86058E-07	1.452765
8.87623E-07	1.452734
8.89189E-07	1.452703
8.90754E-07	1.452672
8.92319E-07	1.452641
8.93884E-07	1.452611
8.95448E-07	1.452581
8.97013E-07	1.45255
8.98577E-07	1.45252
9.00141E-07	1.45249
9.01704E-07	1.45246
9.03268E-07	1.452431
9.04831E-07	1.452401
9.06394E-07	1.452371
9.07957E-07	1.452342
9.0952E-07	1.452313
9.11082E-07	1.452284
9.12644E-07	1.452255
9.14206E-07	1.452226
9.15768E-07	1.452197
9.17329E-07	1.452169
9.18891E-07	1.45214
9.20452E-07	1.452112
9.22013E-07	1.452084
9.23573E-07	1.452056
9.25134E-07	1.452028
9.26694E-07	1.452
9.28254E-07	1.451972
9.29814E-07	1.451945
9.31373E-07	1.451917
9.32933E-07	1.45189
9.34492E-07	1.451863
9.36051E-07	1.451836
9.37609E-07	1.451808
9.39168E-07	1.451782
9.40726E-07	1.451755
9.42284E-07	1.451728
9.43841E-07	1.451702
9.45399E-07	1.451675
9.46956E-07	1.451649
9.48513E-07	1.451623
9.5007E-07	1.451597
9.51626E-07	1.451571
9.53182E-07	1.451545
9.54738E-07	1.451519
9.56294E-07	1.451494
9.5785E-07	1.451468
9.59405E-07	1.451443
9.6096E-07	1.451417
9.62515E-07	1.451392
9.6407E-07	1.451367
9.65624E-07	1.451342
9.67178E-07	1.451317
9.68732E-07	1.451292
9.70286E-07	1.451268
9.71839E-07	1.451243
9.73392E-07	1.451219
9.74945E-07	1.451194
9.76498E-07	1.45117
9.7805E-07	1.451146
9.79602E-07	1.451122
9.81154E-07	1.451098
9.82705E-07	1.451074
9.84257E-07	1.451051
9.85808E-07	1.451027
9.87359E-07	1.451003
9.88909E-07	1.45098
9.9046E-07	1.450957
9.9201E-07	1.450933
9.9356E-07	1.45091
9.95109E-07	1.450887
9.96659E-07	1.450864
9.98208E-07	1.450841
9.99756E-07	1.450819
1.01172E-06	1.450646
1.01519E-06	1.450597
1.01865E-06	1.450548
1.02211E-06	1.4505
1.02557E-06	1.450452
1.02904E-06	1.450405
1.0325E-06	1.450358
1.03596E-06	1.450312
1.03943E-06	1.450266
1.04289E-06	1.45022
1.04635E-06	1.450175
1.04981E-06	1.45013
1.05328E-06	1.450086
1.05674E-06	1.450042
1.0602E-06	1.449998
1.06367E-06	1.449954
1.06713E-06	1.449911
1.07059E-06	1.449869
1.07405E-06	1.449827
1.07752E-06	1.449785
1.08098E-06	1.449743
1.08444E-06	1.449702
1.08791E-06	1.449661
1.09137E-06	1.449621
1.09483E-06	1.449581
1.0983E-06	1.449541
1.10176E-06	1.449502
1.10522E-06	1.449462
1.10868E-06	1.449424
1.11215E-06	1.449385
1.11561E-06	1.449347
1.11907E-06	1.449309
1.12254E-06	1.449272
1.126E-06	1.449234
1.12946E-06	1.449198
1.13292E-06	1.449161
1.13639E-06	1.449125
1.13985E-06	1.449089
1.14331E-06	1.449053
1.14677E-06	1.449018
1.15024E-06	1.448982
1.1537E-06	1.448948
1.15716E-06	1.448913
1.16062E-06	1.448879
1.16409E-06	1.448845
1.16755E-06	1.448811
1.17101E-06	1.448778
1.17447E-06	1.448745
1.17793E-06	1.448712
1.1814E-06	1.448679
1.18486E-06	1.448647
1.18832E-06	1.448614
1.19178E-06	1.448583
1.19524E-06	1.448551
1.1987E-06	1.44852
1.20217E-06	1.448488
1.20563E-06	1.448458
1.20909E-06	1.448427
1.21255E-06	1.448397
1.21601E-06	1.448366
1.21947E-06	1.448336
1.22293E-06	1.448307
1.22639E-06	1.448277
1.22986E-06	1.448248
1.23332E-06	1.448219
1.23678E-06	1.44819
1.24024E-06	1.448162
1.2437E-06	1.448133
1.24716E-06	1.448105
1.25062E-06	1.448077
1.25408E-06	1.44805
1.25754E-06	1.448022
1.261E-06	1.447995
1.26446E-06	1.447968
1.26792E-06	1.447941
1.27138E-06	1.447914
1.27484E-06	1.447888
1.27829E-06	1.447862
1.28175E-06	1.447836
1.28521E-06	1.44781
1.28867E-06	1.447784
1.29213E-06	1.447759
1.29559E-06	1.447733
1.29905E-06	1.447708
1.30251E-06	1.447683
1.30596E-06	1.447659
1.30942E-06	1.447634
1.31288E-06	1.44761
1.31634E-06	1.447586
1.31979E-06	1.447562
1.32325E-06	1.447538
1.32671E-06	1.447514
1.33017E-06	1.447491
1.33362E-06	1.447467
1.33708E-06	1.447444
1.34054E-06	1.447421
1.34399E-06	1.447398
1.34745E-06	1.447376
1.35091E-06	1.447353
1.35436E-06	1.447331
1.35782E-06	1.447309
1.36127E-06	1.447287
1.36473E-06	1.447265
1.36818E-06	1.447243
1.37164E-06	1.447222
1.37509E-06	1.4472
1.37855E-06	1.447179
1.382E-06	1.447158
1.38546E-06	1.447137
1.38891E-06	1.447116
1.39236E-06	1.447096
1.39582E-06	1.447075
1.39927E-06	1.447055
1.40272E-06	1.447034
1.40618E-06	1.447014
1.40963E-06	1.446994
1.41308E-06	1.446975
1.41653E-06	1.446955
1.41999E-06	1.446935
1.42344E-06	1.446916
1.42689E-06	1.446897
1.43034E-06	1.446878
1.43379E-06	1.446859
1.43724E-06	1.44684
1.44069E-06	1.446821
1.44414E-06	1.446802
1.44759E-06	1.446784
1.45104E-06	1.446766
1.45449E-06	1.446747
1.45794E-06	1.446729
1.46139E-06	1.446711
1.46484E-06	1.446694
1.46829E-06	1.446676
1.47174E-06	1.446658
1.47519E-06	1.446641
1.47864E-06	1.446623
1.48208E-06	1.446606
1.48553E-06	1.446589
1.48898E-06	1.446572
1.49243E-06	1.446555
1.49587E-06	1.446538
1.49932E-06	1.446521
1.50276E-06	1.446505
1.50621E-06	1.446488
1.50966E-06	1.446472
1.5131E-06	1.446456
1.51655E-06	1.446439
1.51999E-06	1.446423
1.52344E-06	1.446407
1.52688E-06	1.446391
1.53032E-06	1.446376
1.53377E-06	1.44636
1.53721E-06	1.446344
1.54065E-06	1.446329
1.5441E-06	1.446314
1.54754E-06	1.446298
1.55098E-06	1.446283
1.55442E-06	1.446268
1.55787E-06	1.446253
1.56131E-06	1.446239
1.56475E-06	1.446224
1.56819E-06	1.446209
1.57163E-06	1.446194
1.57507E-06	1.44618
1.57851E-06	1.446166
1.58195E-06	1.446151
1.58539E-06	1.446137
1.58883E-06	1.446123
1.59226E-06	1.446109
1.5957E-06	1.446095
1.59914E-06	1.446081
1.60258E-06	1.446067
1.60601E-06	1.446054
1.60945E-06	1.44604
1.61289E-06	1.446026
1.61632E-06	1.446013
1.61976E-06	1.446
1.62319E-06	1.445986
1.62663E-06	1.445973
1.63006E-06	1.44596
1.6335E-06	1.445947
1.63693E-06	1.445934
1.64037E-06	1.445921
1.6438E-06	1.445908
1.64723E-06	1.445896
1.65066E-06	1.445883
1.6541E-06	1.44587
1.65753E-06	1.445858
1.66096E-06	1.445845
1.66439E-06	1.445833
1.66782E-06	1.445821
1.67125E-06	1.445809
1.67468E-06	1.445797
1.67811E-06	1.445785
1.68154E-06	1.445773
1.68497E-06	1.445761
1.6884E-06	1.445749
